10383
8358
15130
13950
10934
15969
11977
7843
18231
10467
7971
6888
8108
16780
17926
13944
7881
6590
9222
10778
12417
10741
16396
7740
11778
14807
7884
9911
18937
16616
17754
12368
9018
13773
13861
10454
9783
9033
12980
17486
8729
5154
6713
16219
8321
17229
7197
5139
8094
12667
10336
5470
9548
7554
18355
12521
18531
5848
9721
16035
6045
13518
12648
5999
18730
5550
8862
15780
10029
8853
8023
8141
11096
18834
6312
5648
6967
10096
13749
9767
12085
16806
15169
7886
9596
10035
11199
7905
13671
18170
17364
15617
9444
16082
18173
8782
16644
12596
19576
10753
18795
8561
14071
15872
17621
13846
16636
13438
11268
15256
14783
13823
17063
14082
14294
13686
7688
12644
13019
9526
17133
12903
16065
10470
6260
19996
12896
8224
15910
9458
10252
17616
5173
12255
12926
8447
5931
15748
18715
5583
12626
15289
11485
7292
7146
17719
9296
16136
6155
14283
6359
7452
10244
9604
10825
8356
10872
18947
19819
6591
7329
9209
5909
8252
12892
14426
9778
7011
12367
10343
12672
15665
7215
17161
6173
11715
6939
14746
13497
5797
17520
17479
6193
12471
16994
12838
15406
18079
16982
19103
15372
15877
16226
15773
12075
11098
7292
10899
7019
10571
14820
9035
7291
7473
18417
17470
10264
14551
7793
6392
6774
9350
7476
7275
12895
16554
7419
18650
10493
17003
19204
5571
15232
17059
15819
10233
13562
13093
12269
15489
15716
18140
18408
18150
11474
5641
12524
17367
5608
13176
6043
17095
12293
11111
6807
19935
15508
18343
18790
14937
14477
8259
9558
13705
11038
19133
7668
15389
18023
17025
13561
19536
7781
19569
8221
19111
7279
7806
17105
15747
10239
10758
8694
17698
7404
11877
7344
13495
5216
6122
13533
7664
7345
18657
19626
13119
19170
5263
19890
10556
19381
16641
13347
19906
16689
12035
5720
13971
14576
13241
8842
12414
7047
5467
5634
12073
7664
10343
15808
14124
12523
12814
10875
15563
12278
19881
7301
11906
13616
15102
8280
8838
9230
5963
17963
13649
12516
15825
18703
12159
9853
10367
19067
10131
6136
17779
18064
9424
10245
17761
11492
11318
6205
10673
18234
8226
15072
16365
14104
8141
18294
17119
6493
12679
6499
13556
18986
11132
18494
17008
11694
6303
7109
16140
6623
